3.2354549595048354e-11
6.6751611182969128e-11
1.3620740646480556e-10
2.7488616938242671e-10
5.4867810295178288e-10
1.0831671115596464e-09
2.1148753859279168e-09
4.0840251180895848e-09
7.8001480829925640e-09
1.4734371056590589e-08
2.7527855550601998e-08
5.0865779144260159e-08
9.2959282937954413e-08
1.6802398761228687e-07
3.0037401188565127e-07
5.3108880138097447e-07
9.2871817969353287e-07
1.6062527947724448e-06
2.7476150989969028e-06
4.6484801714541391e-06
7.7781924119335599e-06
1.2872382285422646e-05
2.1069381546112709e-05
3.4108117688447237e-05
5.4610489314654842e-05
8.6478365119546652e-05
0.00013544123794417828
0.00020980084082111716
0.00032142281997948885
0.00048703304491937160
0.00072988262400031090
0.0010818330338224769
0.0015859153354540467
0.0022993900347501040
0.0032972951885312796
0.0046764491125941277
0.0065597412176430225
0.0091006010770797729
0.012487228028476238
0.016946299001574516
0.022745532914996147
0.030194664373993874
0.039643950760364532
0.051479753106832504
0.066116273403167725
0.083983361721038818
0.10550929605960846
0.13109946250915527
0.16111047565937042
0.19582100212574005
0.23540054261684418
0.27987778186798096
0.32911071181297302
0.38276153802871704
0.44027829170227051
0.50088602304458618
0.56358993053436279
0.62719166278839111
0.69031924009323120
0.75147122144699097
0.80907249450683594
0.86153948307037354
0.90735161304473877
0.94512397050857544
0.97367620468139648
0.99209451675415039
0.99977952241897583
0.99647885560989380
0.98230111598968506
0.95770967006683350
0.92349761724472046
0.88074547052383423
0.83076399564743042
0.77502852678298950
0.71510583162307739
0.65258282423019409
0.58899778127670288
0.52578037977218628
0.46420282125473022
0.40534406900405884
0.35006815195083618
0.29901573061943054
0.25260862708091736
0.21106438338756561
0.17441928386688232
0.14255639910697937
0.11523691564798355
0.092131711542606354
0.072851642966270447
0.056974750012159348
0.044069487601518631
0.033713690936565399
0.025508640334010124
0.019088901579380035
0.014128213748335838
0.010342041961848736
0.0074875215068459511
0.0053614517673850060
0.0037969902623444796
0.0026595559902489185
0.0018424327718093991
0.0012623702641576529
0.00085544952889904380
0.00057334388839080930
0.00038005664828233421
0.00024916915572248399
0.00016156696074176580
0.00010361531894886866
6.5721578721422702e-05
4.1229166527045891e-05
2.5580773581168614e-05
1.5697698472649790e-05
9.5273162514786236e-06
5.7189763538190164e-06
3.3952992453123443e-06
1.9936594526370754e-06
1.1578061958061880e-06
6.6501962692200323e-07
3.7778534078825032e-07
2.1226036039934115e-07
1.1795182786045189e-07
6.4826572554466111e-08
3.5238265638781741e-08
1.8944763979789059e-08
1.0073395451115630e-08
5.2975646092079387e-09
2.7554218906544747e-09
1.4174692530843913e-09
7.2119060723352391e-10
3.6291153415746180e-10
1.8061925566303927e-10
8.8907686768280314e-11
4.3284095058160332e-11
2.0841547238026337e-11
9.9252576643560353e-12
4.6748594578760461e-12
2.1777549381873929e-12
1.0033695879360649e-12
4.5721900657907932e-13
2.0606360042786653e-13
9.1852733914970369e-14
4.0494337890479778e-14
1.7656681306388484e-14
7.6144331725286341e-15
3.2477208314167505e-15
1.3700335464155865e-15
5.7160541431754684e-16
2.3587133252799409e-16
9.6264837851753104e-17
3.8857113677143895e-17
1.5512730140860217e-17
6.1251586986209439e-18
2.3919947800616956e-18
9.2387781936532347e-19
3.5292415636883880e-19
1.3334011887626438e-19
4.9825899512553589e-20
1.8414442765062615e-20
6.7309766511874749e-21
2.4333617981521369e-21
8.7006889737710430e-22
3.0768574237236749e-22
1.0761607652411386e-22
3.7227226486149774e-23
1.2736594766012918e-23
4.3098255931219305e-24
1.4423879889859277e-24
4.7743178395611222e-25
1.5629995705388200e-25
5.0607309859041540e-26
1.6206378466531888e-26
5.1329588284597174e-27
1.6079159623311434e-27
4.9816436164435649e-28
1.5264959257812119e-28
4.6262359952543686e-29
1.3866790391452548e-29
4.1108436756730613e-30
1.2053317828698875e-30
3.4953369190486050e-31
1.0025020193869151e-31
2.8437894350982764e-32
7.9784548478551899e-33
2.2138906118371793e-33
6.0757886713546964e-34
1.6491602586636090e-34
4.4272782062235902e-35
1.1754987273576513e-35
3.0868909261622256e-36
8.0174101093169118e-37
2.0594728826831375e-37
5.2322892782833196e-38
1.3147509080518020e-38
0.00000000000000000
0.00000000000000000
0.00000000000000000
0.00000000000000000
0.00000000000000000
0.00000000000000000
0.00000000000000000
0.00000000000000000
0.00000000000000000
0.00000000000000000
0.00000000000000000
0.00000000000000000
0.00000000000000000
0.00000000000000000
0.00000000000000000
0.00000000000000000
0.00000000000000000
0.00000000000000000
0.00000000000000000
0.00000000000000000
0.00000000000000000
0.00000000000000000
0.00000000000000000
0.00000000000000000
0.00000000000000000
0.00000000000000000
0.00000000000000000
0.00000000000000000
0.00000000000000000
0.00000000000000000
0.00000000000000000
0.00000000000000000
0.00000000000000000
0.00000000000000000
0.00000000000000000
0.00000000000000000
0.00000000000000000
0.00000000000000000
0.00000000000000000
0.00000000000000000
0.00000000000000000
0.00000000000000000
0.00000000000000000
0.00000000000000000
0.00000000000000000
0.00000000000000000
0.00000000000000000
0.00000000000000000
0.00000000000000000
0.00000000000000000
0.00000000000000000
0.00000000000000000
0.00000000000000000
0.00000000000000000
0.00000000000000000
0.00000000000000000
0.00000000000000000
0.00000000000000000
0.00000000000000000
0.00000000000000000
0.00000000000000000
0.00000000000000000
0.00000000000000000
0.00000000000000000
0.00000000000000000
0.00000000000000000
0.00000000000000000
0.00000000000000000
0.00000000000000000
0.00000000000000000
0.00000000000000000
0.00000000000000000
0.00000000000000000
0.00000000000000000
0.00000000000000000
0.00000000000000000
0.00000000000000000
0.00000000000000000
0.00000000000000000
0.00000000000000000
0.00000000000000000
0.00000000000000000
0.00000000000000000
0.00000000000000000
0.00000000000000000
0.00000000000000000
0.00000000000000000
0.00000000000000000
0.00000000000000000
0.00000000000000000
0.00000000000000000
0.00000000000000000
0.00000000000000000
0.00000000000000000
0.00000000000000000
0.00000000000000000
0.00000000000000000
0.00000000000000000
0.00000000000000000
0.00000000000000000
0.00000000000000000
0.00000000000000000
0.00000000000000000
0.00000000000000000
0.00000000000000000
0.00000000000000000
0.00000000000000000
0.00000000000000000
0.00000000000000000
0.00000000000000000
0.00000000000000000
0.00000000000000000
0.00000000000000000
0.00000000000000000
0.00000000000000000
0.00000000000000000
0.00000000000000000
0.00000000000000000
0.00000000000000000
0.00000000000000000
0.00000000000000000
0.00000000000000000
0.00000000000000000
0.00000000000000000
0.00000000000000000
0.00000000000000000
0.00000000000000000
0.00000000000000000
0.00000000000000000
0.00000000000000000
0.00000000000000000
0.00000000000000000
0.00000000000000000
0.00000000000000000
0.00000000000000000
0.00000000000000000
0.00000000000000000
0.00000000000000000
0.00000000000000000
0.00000000000000000
0.00000000000000000
0.00000000000000000
0.00000000000000000
0.00000000000000000
0.00000000000000000
0.00000000000000000
0.00000000000000000
0.00000000000000000
0.00000000000000000
0.00000000000000000
0.00000000000000000
0.00000000000000000
0.00000000000000000
0.00000000000000000
0.00000000000000000
0.00000000000000000
0.00000000000000000
0.00000000000000000
0.00000000000000000
0.00000000000000000
0.00000000000000000
0.00000000000000000
0.00000000000000000
0.00000000000000000
0.00000000000000000
0.00000000000000000
0.00000000000000000
0.00000000000000000
0.00000000000000000
0.00000000000000000
0.00000000000000000
0.00000000000000000
0.00000000000000000
0.00000000000000000
0.00000000000000000
0.00000000000000000
0.00000000000000000
0.00000000000000000
0.00000000000000000
0.00000000000000000
0.00000000000000000
0.00000000000000000
0.00000000000000000
0.00000000000000000
0.00000000000000000
0.00000000000000000
0.00000000000000000
0.00000000000000000
0.00000000000000000
0.00000000000000000
0.00000000000000000
0.00000000000000000
0.00000000000000000
0.00000000000000000
0.00000000000000000
0.00000000000000000
0.00000000000000000
0.00000000000000000
0.00000000000000000
0.00000000000000000
0.00000000000000000
0.00000000000000000
0.00000000000000000
0.00000000000000000
0.00000000000000000
0.00000000000000000
0.00000000000000000