0.00000000000000000
0.00000000000000000
0.00000000000000000
0.00000000000000000
0.00000000000000000
0.00000000000000000
0.00000000000000000
0.00000000000000000
0.00000000000000000
0.00000000000000000
0.00000000000000000
0.00000000000000000
0.00000000000000000
0.00000000000000000
0.00000000000000000
0.00000000000000000
0.00000000000000000
0.00000000000000000
0.00000000000000000
0.00000000000000000
0.00000000000000000
0.00000000000000000
0.00000000000000000
0.00000000000000000
0.00000000000000000
0.00000000000000000
0.00000000000000000
0.00000000000000000
0.00000000000000000
0.00000000000000000
0.00000000000000000
0.00000000000000000
0.00000000000000000
0.00000000000000000
0.00000000000000000
0.00000000000000000
0.00000000000000000
0.00000000000000000
0.00000000000000000
0.00000000000000000
0.00000000000000000
0.00000000000000000
0.00000000000000000
0.00000000000000000
0.00000000000000000
0.00000000000000000
0.00000000000000000
0.00000000000000000
0.00000000000000000
0.00000000000000000
0.00000000000000000
0.00000000000000000
0.00000000000000000
0.00000000000000000
0.00000000000000000
0.00000000000000000
0.00000000000000000
0.00000000000000000
0.00000000000000000
0.00000000000000000
0.00000000000000000
0.00000000000000000
0.00000000000000000
0.00000000000000000
0.00000000000000000
0.00000000000000000
0.00000000000000000
0.00000000000000000
0.00000000000000000
0.00000000000000000
0.00000000000000000
0.00000000000000000
0.00000000000000000
0.00000000000000000
0.00000000000000000
0.00000000000000000
0.00000000000000000
0.00000000000000000
0.00000000000000000
0.00000000000000000
0.00000000000000000
0.00000000000000000
0.00000000000000000
0.00000000000000000
0.00000000000000000
0.00000000000000000
0.00000000000000000
0.00000000000000000
0.00000000000000000
0.00000000000000000
0.00000000000000000
0.00000000000000000
0.00000000000000000
0.00000000000000000
0.00000000000000000
0.00000000000000000
0.00000000000000000
0.00000000000000000
0.00000000000000000
0.00000000000000000
0.00000000000000000
0.00000000000000000
0.00000000000000000
0.00000000000000000
0.00000000000000000
0.00000000000000000
0.00000000000000000
0.00000000000000000
0.00000000000000000
0.00000000000000000
0.00000000000000000
0.00000000000000000
0.00000000000000000
0.00000000000000000
0.00000000000000000
0.00000000000000000
0.00000000000000000
0.00000000000000000
0.00000000000000000
0.00000000000000000
0.00000000000000000
0.00000000000000000
0.00000000000000000
0.00000000000000000
0.00000000000000000
0.00000000000000000
0.00000000000000000
0.00000000000000000
0.00000000000000000
0.00000000000000000
0.00000000000000000
0.00000000000000000
0.00000000000000000
0.00000000000000000
0.00000000000000000
0.00000000000000000
0.00000000000000000
0.00000000000000000
0.00000000000000000
0.00000000000000000
0.00000000000000000
0.00000000000000000
5.3989720490565994e-38
5.0294449356513051e-37
4.5494809745947370e-36
3.9960583203233816e-35
3.4082381930899774e-34
2.8226749116952187e-33
2.2699812716991833e-32
1.7726138602419724e-31
1.3441081068601690e-30
9.8966753948271624e-30
7.0757155505486917e-29
4.9123178421654020e-28
3.3115279169249886e-27
2.1677199718461558e-26
1.3778704328586516e-25
8.5044086659676128e-25
5.0969218164979629e-24
2.9662287063351837e-23
1.6762228958180090e-22
9.1979151967433024e-22
4.9009187096834619e-21
2.5356759619892770e-20
1.2739185016669848e-19
6.2147309852270142e-19
2.9439552388206205e-18
1.3541653039736183e-17
6.0483975785469418e-17
2.6232557436906478e-16
1.1047687677195493e-15
4.5178708762635706e-15
1.7940174763505026e-14
6.9174768452424928e-14
2.5900039491572047e-13
9.4163706779865075e-13
3.3242859420051785e-12
1.1395738519492937e-11
3.7932990082367724e-11
1.2260895076998679e-10
3.8482006470275110e-10
1.1727978588282895e-09
3.4707250406995627e-09
9.9734780434346249e-09
2.7829452520222731e-08
7.5403697508136247e-08
1.9838574871755554e-07
5.0682655228229123e-07
1.2572994592119358e-06
3.0286464607343078e-06
7.0841597334947437e-06
1.6090127246570773e-05
3.5486278648022562e-05
7.5996205850970000e-05
0.00015803532733116299
0.00031911433325149119
0.00062570441514253616
0.0011913040652871132
0.0022024521604180336
0.0039538545534014702
0.0068923211656510830
0.011666502803564072
0.019175482913851738
0.030604299157857895
0.047429550439119339
0.071374975144863129
0.10429740697145462
0.14798964560031891
0.20390114188194275
0.27279636263847351
0.35439515113830566
0.44706177711486816
0.54761797189712524
0.65135586261749268
0.75229716300964355
0.84370565414428711
0.91880416870117188
0.97159522771835327
0.99765026569366455
0.99472182989120483
0.96306473016738892
0.90539848804473877
0.82652205228805542
0.73265516757965088
0.63063091039657593
0.52708584070205688
0.42777743935585022
0.33712029457092285
0.25797778367996216
0.19169475138187408
0.13831478357315063
0.096907496452331543
0.065929025411605835
0.043553825467824936
0.027938721701502800
0.017402717843651772
0.010525872930884361
0.0061820088885724545
0.0035255895927548409
0.0019523787777870893
0.0010498497867956758
0.00054817652562633157
0.00027793561457656324
0.00013683529687114060
6.5415872086305171e-05
3.0366751161636785e-05
1.3688126273336820e-05
5.9912836150033399e-06
2.5464009922870900e-06
1.0509053254281753e-06
4.2114425014005974e-07
1.6388123924571119e-07
6.1923707050937082e-08
2.2720413994647970e-08
8.0947870628733654e-09
2.8004287777605441e-09
0.00000000000000000
0.00000000000000000
0.00000000000000000
0.00000000000000000
0.00000000000000000
0.00000000000000000
0.00000000000000000
0.00000000000000000
0.00000000000000000
0.00000000000000000
0.00000000000000000
0.00000000000000000
0.00000000000000000
0.00000000000000000
0.00000000000000000
0.00000000000000000
0.00000000000000000
0.00000000000000000
0.00000000000000000
0.00000000000000000
0.00000000000000000
0.00000000000000000
0.00000000000000000
0.00000000000000000
0.00000000000000000
0.00000000000000000
0.00000000000000000
0.00000000000000000
0.00000000000000000
0.00000000000000000
0.00000000000000000
0.00000000000000000
0.00000000000000000
0.00000000000000000
0.00000000000000000
0.00000000000000000
0.00000000000000000
0.00000000000000000
0.00000000000000000
0.00000000000000000
0.00000000000000000
0.00000000000000000
0.00000000000000000
0.00000000000000000
0.00000000000000000
0.00000000000000000
0.00000000000000000
0.00000000000000000
0.00000000000000000
0.00000000000000000
0.00000000000000000
0.00000000000000000
0.00000000000000000
0.00000000000000000
0.00000000000000000
0.00000000000000000
0.00000000000000000
0.00000000000000000
0.00000000000000000
0.00000000000000000
0.00000000000000000
0.00000000000000000
0.00000000000000000
0.00000000000000000
0.00000000000000000
0.00000000000000000
0.00000000000000000
0.00000000000000000
0.00000000000000000
0.00000000000000000
0.00000000000000000
0.00000000000000000
0.00000000000000000
0.00000000000000000
0.00000000000000000
0.00000000000000000
0.00000000000000000
0.00000000000000000
0.00000000000000000
0.00000000000000000
0.00000000000000000
0.00000000000000000
0.00000000000000000
0.00000000000000000
0.00000000000000000
0.00000000000000000
0.00000000000000000
0.00000000000000000
0.00000000000000000
0.00000000000000000
0.00000000000000000
0.00000000000000000
0.00000000000000000
0.00000000000000000
0.00000000000000000
0.00000000000000000
0.00000000000000000
0.00000000000000000
0.00000000000000000
0.00000000000000000
0.00000000000000000
0.00000000000000000
0.00000000000000000
0.00000000000000000
0.00000000000000000
0.00000000000000000
0.00000000000000000
0.00000000000000000
0.00000000000000000
0.00000000000000000
0.00000000000000000
0.00000000000000000
0.00000000000000000
0.00000000000000000
0.00000000000000000
0.00000000000000000
0.00000000000000000
0.00000000000000000
0.00000000000000000
0.00000000000000000
0.00000000000000000
0.00000000000000000
0.00000000000000000
0.00000000000000000
0.00000000000000000
0.00000000000000000
0.00000000000000000
0.00000000000000000
0.00000000000000000
0.00000000000000000
0.00000000000000000
0.00000000000000000
0.00000000000000000
0.00000000000000000
0.00000000000000000
0.00000000000000000
0.00000000000000000
0.00000000000000000
0.00000000000000000
0.00000000000000000
0.00000000000000000
0.00000000000000000
0.00000000000000000
0.00000000000000000