0.017294848337769508
0.017339203506708145
0.017383459955453873
0.017427604645490646
0.017471624538302422
0.017515515908598900
0.017559258267283440
0.017602847889065742
0.017646273598074913
0.017689520493149757
0.017732581123709679
0.017775442451238632
0.017818097025156021
0.017860535532236099
0.017902741208672523
0.017944706603884697
0.017986424267292023
0.018027881160378456
0.018069067969918251
0.018109973520040512
0.018150590360164642
0.018190905451774597
0.018230909481644630
0.018270593136548996
0.018309945240616798
0.018348960205912590
0.018387623131275177
0.018425928428769112
0.018463864922523499
0.018501423299312592
0.018538594245910645
0.018575370311737061
0.018611738458275795
0.018647694960236549
0.018683226779103279
0.018718326464295387
0.018752986565232277
0.018787195906043053
0.018820948898792267
0.018854236230254173
0.018887046724557877
0.018919378519058228
0.018951220437884331
0.018982561305165291
0.019013399258255959
0.019043723121285439
0.019073523581027985
0.019102798774838448
0.019131539389491081
0.019159734249114990
0.019187381491065025
0.019214471802115440
0.019241001456975937
0.019266959279775620
0.019292341545224190
0.019317144528031349
0.019341355189681053
0.019364973530173302
0.019387992098927498
0.019410405308008194
0.019432205706834793
0.019453391432762146
0.019473955035209656
0.019493890926241875
0.019513195380568504
0.019531862810254097
0.019549889490008354
0.019567269831895828
0.019584003835916519
0.019600080326199532
0.019615499302744865
0.019630257040262222
0.019644347950816154
0.019657772034406662
0.019670523703098297
0.019682599231600761
0.019693998619914055
0.019704714417457581
0.019714746624231339
0.019724093377590179
0.019732752814888954
0.019740721210837364
0.019747994840145111
0.019754575565457344
0.019760459661483765
0.019765647128224373
0.019770136103034019
0.019773922860622406
0.019777011126279831
0.019779397174715996
0.019781081005930901
0.019782062619924545
0.019782342016696930
0.019781917333602905
0.019780790433287621
0.019778959453105927
0.019776428118348122
0.019773194566369057
0.019769262522459030
0.019764628261327744
0.019759297370910645
0.019753267988562584
0.019746543839573860
0.019739124923944473
0.019731014966964722
0.019722212105989456
0.019712723791599274
0.019702550023794174
0.019691690802574158
0.019680151715874672
0.019667934626340866
0.019655045121908188
0.019641483202576637
0.019627250730991364
0.019612357020378113
0.019596800208091736
0.019580587744712830
0.019563721492886543
0.019546205177903175
0.019528044387698174
0.019509244710206985
0.019489808008074760
0.019469741731882095
0.019449049606919289
0.019427737221121788
0.019405806437134743
0.019383268430829048
0.019360125064849854
0.019336383789777756
0.019312050193548203
0.019287126138806343
0.019261624664068222
0.019235545769333839
0.019208900630474091
0.019181694835424423
0.019153932109475136
0.019125623628497124
0.019096773117780685
0.019067389890551567
0.019037477672100067
0.019007047638297081
0.018976103514432907
0.018944660201668739
0.018912715837359428
0.018880285322666168
0.018847372382879257
0.018813988193869591
0.018780140206217766
0.018745835870504379
0.018711082637310028
0.018675893545150757
0.018640272319316864
0.018604230135679245
0.018567776307463646
0.018530920147895813
0.018493665382266045
0.018456028774380684
0.018418015912175179
0.018379636108875275
0.018340898677706718
0.018301814794540405
0.018262390047311783
0.018222639337182045
0.018182570114731789
0.018142191693186760
0.018101515248417854
0.018060551956295967
0.018019307404756546
0.017977796494960785
0.017936024814844131
0.017894009128212929
0.017851751297712326
0.017809269949793816
0.017766572535037994
0.017723666504025459
0.017680564895272255
0.017637280747294426
0.017593821510672569
0.017550200223922729
0.017506424337625504
0.017462508752942085
0.017418459057807922
0.017374292016029358
0.017330013215541840
0.017285639420151711
0.017241172492504120
0.017196632921695709
0.017152028158307076
0.017107369378209114
0.017062664031982422
0.017017927020788193
0.016973171383142471
0.016928402706980705
0.016883634030818939
0.016838880255818367
0.016794146969914436
0.016749447211623192
0.016704792156815529
0.016660192981362343
0.016615660861134529
0.016571205109357834
0.016526838764548302
0.016482571139931679
0.016438417136669159
0.016394380480051041
0.016350477933883667
0.016306720674037933
0.016263114288449287
0.016219671815633774
0.016176408156752586
0.016133327037096024
0.016090443357825279
0.016047768294811249
0.016005309298634529
0.015963077545166016
0.015921086072921753
0.015879344195127487
0.015837859362363815
0.015796644613146782
0.015755709260702133
0.015715062618255615
0.015674719586968422
0.015634682029485703
0.015594965778291225
0.015555577352643013
0.015516529791057110
0.015477830544114113
0.015439489856362343
0.015401514247059822
0.015363918617367744
0.015326705761253834
0.015289891511201859
0.015253479592502117
0.015217481181025505
0.015181907452642918
0.015146763063967228
0.015112058259546757
0.015077800489962101
0.015044000931084156
0.015010666102170944
0.014977806247770786
0.014945425093173981
0.014913535676896572
0.014882140792906284
0.014851252548396587
0.014820877462625504
0.014791021123528481
0.014761693775653839
0.014732899144291878
0.014704647473990917
0.014676945284008980
0.014649797230958939
0.014623210765421391
0.014597196131944656
0.014571753330528736
0.014546893537044525
0.00000000000000000
0.00000000000000000
0.00000000000000000
0.00000000000000000
0.00000000000000000
0.00000000000000000
0.00000000000000000
0.00000000000000000
0.00000000000000000
0.00000000000000000
0.00000000000000000
0.00000000000000000
0.00000000000000000
0.00000000000000000
0.00000000000000000
0.00000000000000000
0.00000000000000000
0.00000000000000000
0.00000000000000000
0.00000000000000000
0.00000000000000000
0.00000000000000000
0.00000000000000000
0.00000000000000000
0.00000000000000000
0.00000000000000000
0.00000000000000000
0.00000000000000000
0.00000000000000000
0.00000000000000000
0.00000000000000000
0.00000000000000000
0.00000000000000000
0.00000000000000000
0.00000000000000000
0.00000000000000000
0.00000000000000000
0.00000000000000000
0.00000000000000000
0.00000000000000000
0.00000000000000000
0.00000000000000000
0.00000000000000000
0.00000000000000000
0.00000000000000000
0.00000000000000000
0.00000000000000000
0.00000000000000000
0.00000000000000000
0.00000000000000000
0.00000000000000000
0.00000000000000000
0.00000000000000000
0.00000000000000000
0.00000000000000000
0.00000000000000000
0.00000000000000000
0.00000000000000000
0.00000000000000000
0.00000000000000000
0.00000000000000000
0.00000000000000000
0.00000000000000000
0.00000000000000000
0.00000000000000000
0.00000000000000000
0.00000000000000000
0.00000000000000000
0.00000000000000000
0.00000000000000000
0.00000000000000000
0.00000000000000000
0.00000000000000000
0.00000000000000000
0.00000000000000000
0.00000000000000000
0.00000000000000000
0.00000000000000000
0.00000000000000000
0.00000000000000000
0.00000000000000000
0.00000000000000000
0.00000000000000000
0.00000000000000000
0.00000000000000000
0.00000000000000000
0.00000000000000000
0.00000000000000000
0.00000000000000000
0.00000000000000000
0.00000000000000000
0.00000000000000000
0.00000000000000000
0.00000000000000000
0.00000000000000000
0.00000000000000000
0.00000000000000000
0.00000000000000000
0.00000000000000000
0.00000000000000000
0.00000000000000000
0.00000000000000000
0.00000000000000000
0.00000000000000000
0.00000000000000000
0.00000000000000000
0.00000000000000000
0.00000000000000000
0.00000000000000000
0.00000000000000000
0.00000000000000000
0.00000000000000000
0.00000000000000000
0.00000000000000000
0.00000000000000000
0.00000000000000000
0.00000000000000000
0.00000000000000000
0.00000000000000000
0.00000000000000000
0.00000000000000000
0.00000000000000000
0.00000000000000000
0.00000000000000000
0.00000000000000000
0.00000000000000000
0.00000000000000000
0.00000000000000000
0.00000000000000000
0.00000000000000000
0.00000000000000000
0.00000000000000000
0.00000000000000000
0.00000000000000000
0.00000000000000000
0.00000000000000000
0.00000000000000000
0.00000000000000000
0.00000000000000000
0.00000000000000000
0.00000000000000000
0.00000000000000000
0.00000000000000000
0.00000000000000000