3.8866272075388576e-25
7.2856161022108207e-25
1.3608906702599318e-24
2.5330763456601350e-24
4.6982827909581029e-24
8.6835205205741750e-24
1.5992573976101951e-23
2.9349904455771558e-23
5.3673894042845907e-23
9.7809449999611098e-23
1.7761060654999417e-22
3.2138291728544993e-22
5.7948237776856263e-22
1.0411799716438994e-21
1.8641341072804681e-21
3.3257687120102036e-21
5.9125844287460396e-21
1.0474273057267880e-20
1.8490166949615296e-20
3.2525471930969568e-20
5.7012325120966386e-20
9.9582264154864439e-20
1.7332539637692125e-19
3.0061175516612508e-19
5.1953859766202613e-19
8.9473728036084600e-19
1.5354617668698003e-18
2.6257194184270757e-18
4.4742716320876113e-18
7.5973900556841548e-18
1.2855042673299805e-17
2.1674352201653417e-17
3.6415451871177218e-17
6.0966473545494049e-17
1.0170968475071195e-16
1.6908365813971937e-16
2.8009370509427943e-16
4.6235245780272701e-16
7.6051880196675902e-16
1.2465549891889859e-15
2.0360097071833727e-15
3.3136894514148099e-15
5.3741898457186198e-15
8.6851819207128984e-15
1.3986550226373698e-14
2.2444407985801329e-14
3.5889934551841182e-14
5.7187747918262255e-14
9.0802772202344673e-14
1.4366833460746631e-13
2.2651075893415085e-13
3.5586361331677030e-13
5.5711414214537625e-13
8.6909928039002882e-13
1.3510230260915801e-12
2.0927610772797367e-12
3.2303218260032462e-12
4.9686162302553516e-12
7.6153892220043318e-12
1.1630901970705043e-11
1.7701250187851514e-11
2.6844597725284025e-11
4.0567472991970277e-11
6.1089258651669809e-11
9.1667957946572898e-11
1.3706800972013156e-10
2.0423042423889370e-10
3.0322930277826288e-10
4.4862999426520389e-10
6.6141075949488481e-10
9.7167274226706013e-10
1.4224402766771505e-09
2.0749908458128630e-09
3.0162159436741831e-09
4.3689354356502008e-09
6.3060099364520283e-09
9.0698488719453962e-09
1.2999023191184733e-08
1.8564692894074142e-08
2.6419902710017595e-08
3.7466271862740541e-08
5.2943857298259900e-08
7.4551614659412735e-08
1.0460787081001399e-07
1.4626421318553184e-07
2.0378725196223968e-07
2.8293217724240094e-07
3.9142997820817982e-07
5.3962446600053227e-07
7.4130173288722290e-07
1.0147633702217718e-06
1.3842047792422818e-06
1.8814893110175035e-06
2.5484116576990345e-06
3.4395623060845537e-06
4.6259742703114171e-06
6.1996684053156059e-06
8.2794349509640597e-06
1.1017883480235469e-05
1.4610397556680255e-05
1.9305975001771003e-05
2.5420733436476439e-05
3.3354135666741058e-05
4.3609161366475746e-05
5.6816155847627670e-05
7.3761890234891325e-05
9.5424104074481875e-05
0.00012301279639359564
0.00015801872359588742
0.00020227066124789417
0.00025800181902013719
0.00032792866113595665
0.00041533782496117055
0.00052419153507798910
0.00065924116643145680
0.00082616112194955349
0.0010316949337720871
0.0012838194379583001
0.0015919242287054658
0.0019670107867568731
0.0024219066835939884
0.0029714892152696848
0.0036329280119389296
0.0044259382411837578
0.0053730411455035210
0.0064998143352568150
0.0078351572155952454
0.0094115342944860458
0.011265213601291180
0.013436447829008102
0.015969648957252502
0.018913520500063896
0.022321086376905441
0.026249703019857407
0.030760917812585831
0.035920340567827225
0.041797246783971786
0.048464167863130569
0.055996395647525787
0.064471118152141571
0.073966749012470245
0.084561720490455627
0.096333466470241547
0.10935701429843903
0.12370350956916809
0.13943876326084137
0.15662135183811188
0.17530106008052826
0.19551682472229004
0.21729499101638794
0.24064750969409943
0.26557004451751709
0.29204025864601135
0.32001656293869019
0.34943646192550659
0.38021570444107056
0.41224735975265503
0.44540160894393921
0.47952550649642944
0.51444345712661743
0.54995816946029663
0.58585166931152344
0.62188732624053955
0.65781199932098389
0.69335860013961792
0.72824931144714355
0.76219880580902100
0.79491829872131348
0.82611930370330811
0.85551780462265015
0.88283872604370117
0.90782004594802856
0.93021667003631592
0.94980525970458984
0.96638691425323486
0.97979122400283813
0.98987889289855957
0.99654442071914673
0.99971741437911987
0.99936449527740479
0.99548923969268799
0.98813277482986450
0.97737228870391846
0.96332049369812012
0.94612306356430054
0.92595624923706055
0.90302413702011108
0.87755489349365234
0.84979707002639771
0.82001578807830811
0.78848826885223389
0.75549966096878052
0.72133898735046387
0.68629449605941772
0.65065032243728638
0.61468249559402466
0.57865554094314575
0.54281938076019287
0.50740718841552734
0.47263291478157043
0.43868958950042725
0.40574833750724792
0.37395742535591125
0.34344220161437988
0.31430491805076599
0.28662541508674622
0.26046192646026611
0.23585216701030731
0.21281464397907257
0.19135032594203949
0.17144425213336945
0.15306739509105682
0.13617847859859467
0.12072584033012390
0.10664933174848557
0.093881927430629730
0.082351595163345337
0.071982659399509430
0.062697455286979675
0.054417416453361511
0.047064341604709625
0.040561314672231674
0.034833583980798721
0.029809208586812019
0.025419596582651138
0.021599953994154930
0.018289553001523018
0.015431898646056652
0.012974831275641918
0.010870520025491714
0.0090753762051463127
0.0075499662198126316
0.0062588062137365341
0.0051701599732041359
0.0042558144778013229
0.0034908181987702847
0.0028532361611723900
0.0023238833528012037
0.0018860666314139962
0.0015253371093422174
0.0012292506871744990
0.00098714558407664299
0.00078992953058332205
0.00062988465651869774
0.00050049507990479469
0.00039628258673474193
0.00031266221776604652
0.00024581767502240837
0.00019258201064076275
0.00015034351963549852
0.00011695529246935621
9.0661123977042735e-05
7.0030655479058623e-05
5.3904077503830194e-05
4.1344745113747194e-05
3.1599920475855470e-05
0.00000000000000000
0.00000000000000000
0.00000000000000000
0.00000000000000000
0.00000000000000000
0.00000000000000000
0.00000000000000000
0.00000000000000000
0.00000000000000000
0.00000000000000000
0.00000000000000000
0.00000000000000000
0.00000000000000000
0.00000000000000000
0.00000000000000000
0.00000000000000000
0.00000000000000000
0.00000000000000000
0.00000000000000000
0.00000000000000000
0.00000000000000000
0.00000000000000000
0.00000000000000000
0.00000000000000000
0.00000000000000000
0.00000000000000000
0.00000000000000000
0.00000000000000000
0.00000000000000000
0.00000000000000000
0.00000000000000000
0.00000000000000000
0.00000000000000000
0.00000000000000000
0.00000000000000000
0.00000000000000000
0.00000000000000000
0.00000000000000000
0.00000000000000000
0.00000000000000000
0.00000000000000000
0.00000000000000000
0.00000000000000000
0.00000000000000000
0.00000000000000000
0.00000000000000000
0.00000000000000000
0.00000000000000000
0.00000000000000000
0.00000000000000000
0.00000000000000000
0.00000000000000000
0.00000000000000000
0.00000000000000000
0.00000000000000000
0.00000000000000000
0.00000000000000000
0.00000000000000000
0.00000000000000000
0.00000000000000000
0.00000000000000000
0.00000000000000000
0.00000000000000000
0.00000000000000000
0.00000000000000000
0.00000000000000000
0.00000000000000000
0.00000000000000000
0.00000000000000000
0.00000000000000000
0.00000000000000000
0.00000000000000000
0.00000000000000000
0.00000000000000000
0.00000000000000000
0.00000000000000000
0.00000000000000000
0.00000000000000000
0.00000000000000000
0.00000000000000000
0.00000000000000000
0.00000000000000000
0.00000000000000000
0.00000000000000000
0.00000000000000000
0.00000000000000000
0.00000000000000000
0.00000000000000000
0.00000000000000000
0.00000000000000000
0.00000000000000000
0.00000000000000000
0.00000000000000000
0.00000000000000000
0.00000000000000000
0.00000000000000000
0.00000000000000000
0.00000000000000000
0.00000000000000000
0.00000000000000000
0.00000000000000000
0.00000000000000000
0.00000000000000000
0.00000000000000000
0.00000000000000000
0.00000000000000000
0.00000000000000000
0.00000000000000000
0.00000000000000000
0.00000000000000000
0.00000000000000000
0.00000000000000000
0.00000000000000000
0.00000000000000000
0.00000000000000000
0.00000000000000000
0.00000000000000000
0.00000000000000000
0.00000000000000000
0.00000000000000000
0.00000000000000000
0.00000000000000000
0.00000000000000000
0.00000000000000000
0.00000000000000000
0.00000000000000000
0.00000000000000000
0.00000000000000000
0.00000000000000000
0.00000000000000000
0.00000000000000000
0.00000000000000000
0.00000000000000000
0.00000000000000000
0.00000000000000000
0.00000000000000000
0.00000000000000000
0.00000000000000000
0.00000000000000000
0.00000000000000000
0.00000000000000000
0.00000000000000000
0.00000000000000000
0.00000000000000000